+254710987619
+254728323372
+254722037127
+254759727570
+254729368692
+254734375879
+254744844867
+254788976521
+254774329887
+254750628654
+254757032273
+254766028642
+254783643653
+254794708405
+254713348404
+254785977064
+254753825781
+254721038265
+254726962890
+254718153368
+254763992534
+254773446726
+254781293682
+254769014925
+254775940401
+254746479827
+254721539764
+254732987670
+254760560850
+254765551299
+254733339198
+254759409642
+254749385778
+254775592593
+254781337379
+254795232262
+254799510893
+254713519095
+254725074611
+254740025883
+254749918047
+254712837278
+254767395172
+254713474475
+254759919816
+254799098403
+254763745083
+254765284715
+254745858017
+254780495774
+254714878162
+254715405986
+254752639583
+254727661691
+254721322690
+254722291532
+254777213089
+254731888587
+254767987841
+254778139244
+254760974016
+254712848299
+254711370601
+254768631908
+254793037167
+254766656106
+254771918104
+254752426342
+254770697047
+254727831985
+254780628055
+254793065527
+254764020118
+254758130412
+254735161072
+254720424492
+254759201757
+254785296435
+254727772106
+254763786646
+254715757283
+254794219587
+254744101733
+254790848240
+254781147415
+254790605110
+254782866971
+254728800024
+254785838588
+254770979224
+254738366191
+254755496988
+254795612215
+254737383159
+254744759241
+254766505483
+254743505586
+254717753066
+254748235630
+254733250611
+254734858339
+254779243536
+254755745371
+254710661242
+254766640984
+254760650756
+254754262829
+254729140398
+254725752281
+254711580750
+254713522376
+254735792451
+254755885162
+254795272876
+254775090506
+254720856207
+254772568633
+254761348916
+254724494821
+254735816001
+254740070636
+254754978169
+254794119812
+254717110018
+254743737092
+254716634108
+254796580680
+254750949417
+254719577444
+254729760642
+254750555495
+254734571900
+254781089440
+254726958759
+254757502476
+254789878612
+254753772913
+254718087828
+254788014120
+254770026259
+254764099082
+254725220832
+254778740289
+254763772246
+254777847140
+254784317773
+254733687189
+254769946675
+254777716695
+254782618724
+254777164678
+254733346335
+254711462074
+254737640039
+254781100645
+254758689816
+254720410152
+254732672647
+254795752008
+254741497410
+254716069031
+254742530146
+254748528375
+254775140201
+254757280880
+254747868752
+254771096646
+254750646082
+254757845663
+254758355812
+254757389178
+254779249306
+254770306174
+254746617973
+254710682595
+254710883774
+254734964677
+254753473882
+254726600890
+254732545538
+254772878930
+254712277361
+254732604054
+254721589845
+254762721163
+254769275764
+254779999448
+254724487154
+254729312194
+254754661816
+254750414784
+254716130653
+254792437323
+254788744661
+254750692695
+254770354524
+254738621600
+254752823748
+254718113231
+254742811639
+254738439661
+254765290610
+254774676312
+254721196278
+254732150217
+254738340767
+254711028082
+254745690308
+254715853564
+254747156232
+254798089579
+254776522751
+254750314388
+254779247870
+254733974461
+254720665963
+254781498837
+254774011591
+254744573405
+254765813461
+254787636264
+254775030203
+254718989191
+254790852352
+254730342459
+254768663042
+254755299086
+254767004998
+254748244947
+254766099328
+254740253910
+254797134302
+254770680242
+254738484981
+254754176579
+254796971332
+254735485411
+254737821303
+254788229568
+254737685142
+254723838598
+254774929395
+254787705262
+254720059436
+254712008606
+254762963425
+254770790179
+254753481559
+254747531657
+254787779722
+254743027548
+254732372351
+254728576411
+254773568601
+254751457621
+254737398227
+254715206557
+254748726223
+254759293977
+254784526098
+254781195088
+254732913441
+254796329825
+254755989750
+254746783759
+254763577362
+254796744134
+254773795705
+254747821756
+254727500363
+254741297091
+254761895945
+254780534444
+254780978698
+254735939774
+254743161648
+254742977448
+254727230789
+254770259751
+254765686699
+254770239931
+254745769165
+254777348093
+254747854124
+254785634494
+254741472655
+254771450941
+254775377353
+254734109632
+254761939674
+254759845407
+254799112396
+254740962338
+254730053535
+254777358902
+254715317171
+254720542832
+254773653659
+254799421667
+254738961715
+254750930119
+254761953337
+254778791716
+254784990155
+254745916516
+254767188944
+254762531500
+254779436124
+254773460322
+254711911434
+254745783744
+254718084253
+254746752142
+254748786837
+254725964137
+254795392755
+254732930198
+254730507124
+254788824891
+254736519397
+254790180279
+254788704499
+254747944924
+254733361439
+254771749822
+254717231042
+254762389469
+254714687971
+254772555352
+254737957670
+254749939074
+254788112620
+254771867089
+254742186543
+254763662162
+254785671106
+254782497997
+254785823085
+254710880768
+254713091478
+254746429599
+254790255010
+254740883955
+254737700975
+254715817685
+254783414049
+254792001594
+254770164069
+254768579316
+254719480677
+254775622059
+254710323986
+254798249695
+254755868157
+254767685126
+254776648384
+254770750920
+254730220365
+254717925948
+254759199204
+254743512603
+254787796907
+254798535629
+254734064523
+254724753481
+254771583745
+254796965682
+254770548235
+254791170839
+254721706419
+254715757110
+254737389683
+254757428488
+254724911329
+254751694269
+254793992197
+254792901973
+254793970325
+254715400915
+254772218259
+254797748950
+254773820216
+254756935483
+254792244388
+254734832905
+254773715567
+254761835592
+254756158462
+254723155727
+254747142296
+254736989707
+254762902920
+254784747128
+254752083438
+254767478995
+254773144504
+254795359714
+254772328108
+254779891112
+254715721645
+254772728426
+254796081263
+254795648280
+254768990381
+254763921373
+254712144312
+254789500855
+254779331264
+254768457053
+254795893148
+254748066350
+254797263526
+254731192430
+254745181684
+254758366139
+254755560113
+254797684274
+254732756416
+254781073719
+254798646004
+254761186789
+254762423379
+254710490544
+254765578604
+254791344914
+254715268775
+254783832280
+254756464489
+254767462063
+254742181334
+254733846598
+254787690304
+254710475258
+254754595781
+254759655069
+254770740664
+254768594690
+254793447679
+254717789835
+254736357851
+254797354416
+254756875577
+254761433949
+254729423754
+254723008121
+254714002310
+254783228729
+254767100864
+254792162202
+254730789955
+254748467311
+254794197010
+254733319683
+254735204871
+254715508119
+254758630302
+254772814202
+254711484989
+254731288264
+254780230085
+254777833997
+254750975553
+254734042470
+254719512274
+254749179972
+254787856816
+254770710431
+254742538516
+254778009180
+254722073995
+254739357186
+254759658553
+254755878845
+254752191124
+254777397488
+254758170844
+254796617374
+254799839630
+254735412439
+254768795640
+254763693633
+254761311125
+254755079102
+254714880014
+254788644606
+254743808121
+254732149187
+254756232514
+254735812233
+254774022714
+254739641205
+254732805423
+254735152750
+254727969451
+254721178628
+254799195359
+254739524096
+254795541742
+254772393577
+254783774130
+254724132621
+254758270790
+254716163912
+254765705543
+254773375962
+254713033952
+254781775713
+254754615926
+254744988675
+254751564156
+254770971197
+254729122858
+254718559659
+254789453682
+254792943719
+254794960020
+254772373900
+254713626187
+254761636841
+254747907117
+254787370545
+254730547019
+254760648234
+254776908513
+254723173785
+254756735766
+254775286424
+254792223122
+254748912164
+254795505173
+254728974844
+254723403709
+254788878218
+254750430941
+254789684703
+254738009255
+254733811353
+254794409306
+254776009804
+254785295739
+254719256253
+254797555249
+254759771605
+254726035140
+254755339789
+254721404273
+254731537234
+254798209430
+254715932149
+254735768013
+254715627406
+254749983450
+254776429960
+254787873613
+254736267636
+254772907986
+254788923350
+254728014457
+254770738578
+254785263166
+254766657489
+254714981644
+254738023240
+254740599386
